1964,3895,2900;
1964,3895,2897;
1964,3895,2898;
1964,3895,2895;
1964,3894,2894;
1964,3894,2894;
1964,3894,2895;
1964,3894,2893;
1964,3894,2893;
1964,3894,2893;
1964,3894,2889;
1964,3894,2891;
1964,3894,2889;
1964,3895,2892;
1964,3895,2894;
1964,3895,2894;
1964,3896,2893;
1964,3896,2893;
1964,3896,2894;
1965,3896,2894;
1965,3896,2896;
1965,3897,2893;
1965,3897,2895;
1965,3897,2891;
1965,3897,2891;
1965,3897,2891;
1964,3897,2890;
1964,3897,2891;
1964,3897,2889;
1964,3897,2888;
1964,3897,2887;
1964,3897,2889;
1964,3897,2891;
1964,3897,2892;
1964,3897,2892;
1964,3897,2891;
1965,3897,2893;
1965,3897,2891;
1965,3897,2894;
1965,3897,2893;
1965,3897,2894;
1965,3898,2892;
1965,3898,2889;
1965,3898,2891;
1965,3898,2890;
1965,3898,2893;
1965,3898,2889;
1965,3899,2890;
1965,3899,2886;
1965,3899,2889;
1965,3899,2888;
1965,3899,2891;
1965,3899,2893;
1965,3899,2892;
1965,3899,2893;
1965,3899,2892;
1965,3899,2896;
1965,3899,2895;
1965,3899,2897;
1965,3899,2895;
1965,3899,2894;
1965,3899,2895;
1965,3899,2895;
1965,3900,2894;
1965,3900,2892;
1965,3900,2891;
1965,3900,2888;
1965,3900,2889;
1965,3900,2892;
1965,3900,2892;
1965,3901,2895;
1965,3901,2891;
1965,3901,2892;
1965,3901,2893;
1965,3901,2895;
1965,3901,2896;
1965,3900,2897;
1965,3900,2896;
1965,3900,2895;
1965,3900,2895;
1965,3900,2892;
1965,3900,2895;
1965,3900,2893;
1965,3900,2894;
1965,3901,2895;
1965,3901,2895;
1965,3901,2895;
1965,3901,2897;
1965,3901,2901;
1965,3902,2899;
1965,3902,2900;
1965,3902,2901;
1965,3902,2901;
1965,3902,2897;
1965,3902,2897;
1965,3902,2897;
1965,3902,2897;
1965,3902,2894;
1965,3902,2892;
1966,3902,2895;
1966,3902,2893;
1966,3902,2894;
1966,3902,2890;
1966,3901,2894;
1966,3901,2891;
1966,3901,2892;
1966,3901,2893;
1966,3901,2894;
1966,3901,2892;
1966,3901,2890;
1966,3901,2892;
1966,3901,2890;
1966,3901,2895;
1966,3902,2891;
1966,3902,2890;
1966,3902,2892;
1966,3902,2892;
1966,3902,2893;
1966,3902,2894;
1966,3902,2897;
1966,3902,2895;
1966,3902,2896;
1966,3902,2895;
1966,3902,2894;
1966,3902,2898;
1966,3902,2894;
1966,3902,2896;
1966,3902,2894;
1966,3902,2895;
1966,3902,2893;
1966,3902,2893;
1966,3902,2894;
1966,3902,2894;
1966,3903,2893;
1966,3902,2892;
1966,3902,2894;
1966,3902,2891;
1966,3902,2895;
1966,3902,2893;
1966,3902,2894;
1966,3902,2895;
1966,3902,2891;
1966,3902,2891;
1966,3902,2893;
1966,3902,2891;
1966,3902,2889;
1966,3902,2891;
1966,3902,2888;
1966,3902,2890;
1966,3903,2891;
1966,3903,2893;
1966,3903,2896;
1966,3903,2895;
1966,3903,2899;
1966,3903,2901;
1966,3902,2904;
1966,3902,2904;
1966,3902,2906;
1966,3902,2906;
1966,3902,2903;
1966,3902,2903;
1966,3902,2900;
1966,3902,2902;
1966,3902,2897;
1966,3902,2898;
1966,3903,2895;
1966,3903,2896;
1966,3903,2894;
1966,3903,2896;
1966,3903,2897;
1966,3903,2892;
1966,3903,2893;
1966,3903,2890;
1966,3903,2893;
1966,3903,2893;
1966,3903,2894;
1966,3903,2896;
1966,3903,2894;
1966,3904,2893;
1966,3904,2894;
1966,3904,2898;
1966,3904,2897;
1966,3904,2902;
1966,3904,2902;
1966,3904,2901;
1966,3904,2901;
1966,3903,2898;
1966,3903,2900;
1966,3903,2898;
1966,3904,2900;
1966,3904,2898;
1966,3904,2901;
1966,3904,2898;
1966,3904,2898;
1966,3904,2900;
1966,3904,2899;
1966,3904,2901;
1966,3904,2898;
1966,3904,2902;
1966,3903,2899;
1966,3903,2900;
1966,3903,2900;
1966,3903,2899;
1966,3903,2899;
1966,3903,2897;
1966,3903,2899;
1966,3903,2899;
1966,3903,2904;
1966,3903,2902;
1966,3903,2902;
1966,3903,2902;
1966,3903,2900;
1966,3903,2900;
1966,3903,2901;
1966,3903,2901;
1966,3903,2896;
1966,3903,2896;
1966,3903,2892;
1966,3903,2894;
1966,3902,2893;
1966,3902,2893;
1966,3902,2897;
1966,3902,2897;
1966,3903,2895;
1966,3903,2895;
1966,3903,2897;
1966,3903,2895;
1966,3903,2896;
1966,3903,2893;
1966,3902,2895;
1966,3902,2895;
1966,3902,2893;
1966,3903,2893;
1966,3903,2893;
1966,3903,2895;
1966,3903,2893;
1966,3902,2896;
1966,3903,2896;
1966,3902,2895;
1966,3902,2892;
1966,3902,2891;
1966,3902,2892;
1966,3902,2890;
1966,3901,2894;
1965,3901,2894;
1965,3901,2895;
1965,3901,2894;
1965,3901,2893;
1965,3901,2893;
1965,3901,2895;
1965,3901,2899;
1965,3901,2896;
1965,3901,2900;
1965,3901,2896;
1965,3901,2894;
1965,3901,2894;
1965,3901,2893;
1965,3901,2896;
1965,3901,2896;
1965,3901,2898;
1965,3901,2896;
1965,3901,2896;
1965,3901,2892;
1965,3901,2893;
1965,3901,2893;
1965,3900,2894;
1965,3900,2895;
1965,3900,2893;
1965,3900,2893;
1965,3900,2891;
1965,3900,2893;
1965,3900,2893;
1965,3900,2895;
1965,3899,2895;
1965,3899,2894;
1964,3899,2895;
1965,3899,2894;
1965,3899,2897;
1965,3899,2895;
1965,3899,2895;
1965,3899,2892;
1965,3898,2893;
1965,3898,2894;
1965,3898,2893;
1965,3898,2895;
1965,3898,2893;
1965,3898,2895;
1965,3898,2890;
1965,3898,2895;
1965,3898,2895;
1965,3898,2895;
1965,3898,2896;
1965,3898,2895;
1965,3898,2896;
1965,3898,2892;
1964,3898,2893;
1964,3898,2890;
1964,3897,2893;
1964,3897,2891;
1964,3897,2890;
1964,3897,2891;
1964,3896,2890;
1964,3896,2891;
1964,3896,2889;
1964,3895,2893;
1964,3895,2892;
1964,3895,2895;
1964,3895,2894;
1964,3895,2895;
1964,3895,2894;
1964,3895,2892;
1963,3895,2894;
1963,3894,2891;
1963,3894,2896;
1963,3894,2893;
1963,3894,2894;
1963,3894,2893;
1963,3894,2895;
1963,3894,2896;
1963,3894,2897;
1963,3893,2897;
1963,3893,2896;
1963,3893,2899;
1963,3893,2896;
1963,3893,2898;
1963,3893,2896;
1963,3893,2896;
1963,3893,2896;
1963,3892,2892;
1963,3892,2892;
1963,3892,2893;
1963,3892,2894;
1963,3892,2893;
1963,3892,2895;
1963,3892,2890;
1963,3892,2891;
1963,3892,2889;
1963,3892,2887;
1963,3892,2891;
1963,3892,2891;
1962,3892,2892;
1962,3892,2890;
1962,3892,2890;
1963,3892,2889;
1963,3892,2894;
1963,3892,2894;
1963,3892,2896;
1963,3892,2895;
1963,3892,2893;
1963,3892,2893;
1963,3892,2890;
1963,3892,2890;
1963,3891,2889;
1962,3891,2889;
1962,3891,2888;
1962,3891,2888;
1962,3891,2890;
1962,3890,2890;
1962,3890,2893;
1962,3890,2890;
1962,3890,2891;
1962,3890,2892;
1962,3890,2894;
1962,3890,2894;
1962,3890,2892;
1962,3890,2893;
1962,3889,2889;
1962,3889,2893;
1962,3889,2890;
1962,3889,2892;
1962,3889,2890;
1961,3889,2891;
1961,3889,2891;
1961,3888,2890;
1961,3888,2894;
1961,3888,2892;
1961,3888,2895;
1961,3888,2892;
1961,3888,2894;
1961,3888,2893;
1961,3888,2895;
1961,3888,2895;
1961,3888,2894;
1961,3888,2896;
1961,3888,2893;
1961,3888,2896;
1961,3888,2893;
1961,3887,2894;
1961,3887,2892;
1961,3887,2891;
1961,3887,2891;
1961,3887,2891;
1961,3887,2893;
1961,3887,2891;
1961,3887,2894;
1961,3887,2892;
1961,3887,2895;
1961,3888,2894;
1962,3888,2896;
1962,3888,2898;
1962,3888,2897;
1961,3888,2898;
1961,3888,2895;
1961,3888,2896;
1961,3888,2893;
1961,3888,2893;
1961,3888,2890;
1961,3888,2891;
1961,3887,2891;
1961,3887,2889;
1961,3887,2891;
1961,3887,2888;
1961,3887,2889;
1961,3887,2888;
1961,3887,2890;
1961,3887,2888;
1961,3887,2889;
1961,3887,2890;
1961,3887,2888;
1961,3887,2892;
1961,3886,2891;
1961,3886,2894;
1961,3886,2892;
1961,3886,2892;
1961,3886,2890;
1961,3886,2892;
1961,3886,2890;
1961,3886,2888;
1961,3886,2889;
1961,3886,2888;
1961,3886,2887;
1961,3886,2886;
1961,3886,2888;
1961,3887,2889;
1961,3887,2890;
1961,3887,2888;
1961,3887,2891;
1961,3887,2892;
1961,3887,2889;
1961,3887,2889;
1961,3887,2887;
1961,3887,2890;
1961,3887,2889;
1961,3886,2889;
1961,3886,2889;
1961,3886,2888;
1961,3886,2891;
1961,3886,2891;
1961,3886,2896;
1961,3886,2895;
1961,3886,2895;
1961,3886,2891;
1961,3887,2889;
1961,3887,2889;
1961,3887,2889;
1961,3887,2891;
1962,3887,2889;
1962,3887,2892;
1962,3887,2887;
1962,3887,2889;
1962,3887,2890;
1962,3887,2893;
1961,3887,2896;
1961,3887,2894;
1961,3886,2893;
1961,3886,2892;
1961,3886,2894;
1961,3886,2891;
1961,3886,2892;
1961,3886,2892;
1961,3886,2892;
1961,3886,2890;
1961,3886,2887;
1961,3885,2889;
1961,3885,2889;
1961,3885,2890;
1961,3885,2887;
1961,3884,2886;
1961,3884,2885;
1961,3884,2884;
1961,3884,2883;
1961,3884,2884;
1961,3884,2888;
1961,3884,2885;
1961,3884,2887;
1961,3884,2887;
1961,3884,2887;
1961,3884,2889;
1961,3884,2889;
1961,3884,2890;
1961,3884,2888;
1960,3884,2890;
1960,3884,2886;
1960,3884,2886;
1960,3884,2884;
1960,3883,2880;
1960,3881,2873;
1958,3871,2875;
1953,3857,2862;
1953,3849,2869;
1950,3839,2865;
1947,3829,2853;
1945,3820,2853;
1942,3811,2850;
1939,3802,2849;
1936,3794,2847;
1935,3788,2853;
1934,3790,2846;
1936,3797,2853;